1 1.0122727272727272 1.254748106060606 1.8562840909090912
2 0.8440113636363638 1.391376725063131 1.2545480421401511
3 0.6825161931818181 1.018932663064895 0.8907706282976255
4 0.5720318489583331 0.7349940940025346 0.6416984222821362
5 0.4820253167613647 0.5308905686614673 0.46340032256735336
6 0.4087453115362612 0.3835512567038261 0.33477942405632805
7 0.34692755349224735 0.2771137143120433 0.2418748454221178
8 0.2947708687898893 0.20021440948973335 0.17475417983225888
9 0.250494312296563 0.1446548808604548 0.12625984724558714
10 0.21290601027078893 0.10451314780967419 0.09122273389308255
11 0.18096277220328444 0.07551074885754461 0.06590842454633694
12 0.15381665185304466 0.05455651599720168 0.0476188366514706
13 0.13074327063497504 0.03941708280167189 0.034404609470661984
14 0.11113157478714186 0.02847884232344744 0.02485733034134624
15 0.09446173218815712 0.020575963578599588 0.017959421171475864
16 0.08029244764410243 0.01486613368552775 0.01297568179637515
17 0.0682485676874518 0.010740781587792403 0.009374930097878487
18 0.05801127955813551 0.0077602146971801345 0.00677338699571689
19 0.04930958608187397 0.0056067551187117814 0.004893772104404892
20 0.04191314781120892 0.0040508805732693 0.003535750345432742
21 0.03562617545377955 0.0029267612141876675 0.0025545796245753927
22 0.03028224909255739 0.0021145849772503666 0.0018456837787557134
23 0.025739911706306295 0.0015277876460628725 0.001333506530150519
24 0.02187892494516397 0.001103826574280653 0.0009634584680342506
25 0.018597086200696444 0.000797514699917734 0.0006960987431545718
26 0.015807523269965595 0.000576204370691169 0.0005029313419289139
27 0.013436394779146932 0.00041630765782363355 0.0003633678945438312
28 0.011420935562199253 0.0003007822827783002 0.000262533303807988
29 0.009707795227829719 0.00021731519930767718 0.00018968031200117252
30 0.008251625943646923 0.0001570102314998323 0.00013704402542114025
31 0.007013882052095466 0.00011343989225798268 0.00009901430836656289
32 0.005961799744279739 0.00008196032215668225 0
33 0.005067529782637026 0 0
34 0.004307400315241516 0 0
35 0.0036612902679551973 0 0
36 0.003112096727761582 0 0
37 0.002645282218597611 0 0
38 0.002248489885807725 0 0
39 0.0019112164029366774 0 0
40 0.0016245339424960648 0 0
41 0.001380853851121966 0 0
42 0.0011737257734534268 0 0
43 0.0009976669074354128 0 0
44 0.0008480168713203007 0 0
45 0.0007208143406223222 0 0
46 0.0006126921895290849 0 0
47 0.0005207883610993669 0 0
48 0.00044267010693488373 0 0
49 0.0003762695908946512 0 0
50 0.0003198291522599206 0 0
51 0.00027185477942115455 0 0
52 0.0002310765625082034 0 0
53 0.00019641507813172865 0 0
54 0.00016695281641210258 0 0
55 0.00014190989395057585 0 0
56 0.00012062340985741216 0 0
57 0.00010252989837900017 0 0
58 0.00008715041362217235 0 0