1 35919.655545577436 55492.387982165994 90869.42140246523
2 30518.41068400172 48828.95066620838 60371.87582694263
3 25929.370543003333 36636.48614365975 36036.86214047311
4 22030.90308327178 26738.412378623896 21075.23577347331
5 18719.32378616995 19458.097472196012 12345.450029117656
6 15905.283516738784 14144.873674048713 7278.169471027116
7 13514.156990010266 10280.45458213358 4322.085496981153
8 11482.80365124559 7469.600176574216 2585.9167388268584
9 9756.760504163496 5428.535191062248 1558.9646251709357
10 8290.115200854107 3945.2361528601505 947.0681865093791
11 7043.972321433669 2867.8258091096754 579.8521698880886
12 5985.167403042071 2084.714227823029 357.81123078222794
13 5085.569449395503 1515.8660215886532 222.5401407594518
14 4321.194422521519 1102.3338224031672 139.49468965102497
15 3671.724925593633 801.778364284105 88.12123876054747
16 3119.879651590079 583.2338982868063 56.09351995565219
17 2650.99701855634 424.3619196914627 35.974045963827976
18 2252.590655826028 308.7917122747335 23.238535233504695
19 1914.0965343755215 224.74955790861932 15.117302741115244
20 1626.4860896322118 163.5991127373018 9.900521696328793
21 1382.1040758233091 119.11361701849088 6.525913378145528
22 1174.4453736806329 86.73014194431951 4.327944547377902
23 997.9918243213433 63.16621708845161 2.887018296807751
24 848.0522125152436 46.009493660869204 1.9364181982070376
25 720.6532959969556 33.52088912194898 1.3055674867712905
26 612.3952656600718 24.423839528004244 0.8845228792999498
27 520.40415623969 17.800460561086577 0.6020083096284025
28 442.2328984849613 12.973795991629384 0.4114795587700867
29 375.80680293758735 9.458860403672169 0.2823772541312472
30 319.3592418323237 6.896519357829414 0.19450359422477856
31 271.3923090658927 5.02994933044745 0.1344424003969769
32 230.6305384742062 3.668558322664501 0.09322861100661745
33 195.99170010114497 2.676595661402927 0.06484432557669373
34 166.55574427145893 1.952849624766662 0.04522833565393808
35 141.54124061731486 1.425341273810447 0.03162870350723607
36 120.28386586665603 1.0402900261339096 0.022171849251042985
37 102.21935125453838 0.7595722291856661 0.015577526241623008
38 86.86799623062062 0.5545707745063132 0.010967285218062978
39 73.82233409879744 0.40507983491251526 0.007736406124972617
40 62.73597201574498 0.29586013262635386 0.005467090692726828
41 53.31466765760576 0.2161953558608826 0.00386984664484602
42 45.30828497705412 0.15796036323619383 0.002743451747065917
43 38.50434090349793 0.1154746006164385 0.001947681953491126
44 32.722205251038325 0.08440201984888532 0.001384550196030121
45 27.808433733362826 0.061727454796182746 0.0009854327303645827
46 23.632586422414782 0.045134596232225904 0.0007021538547331563
47 20.083852400545922 0.03302387730029241 0.0005008271648795637
48 17.068034542229146 0.024156160417386774 0.0003575682014355097
49 14.505108964903018 0.017682626383560968 0.00025551357585651413
50 12.327050410292973 0.012939589034301174 0.00018273540409641242
51 10.476067594598186 0.009476519365940739 0.00013078509416711293
52 8.903034902936193 0.006937423533456111 0.00009366873200983283
53 7.566216447991193 0.005083272007501555 0.00006712888659582417
54 6.430134868260124 0.0037228460777918027 0.00004813710311957209
55 5.464648903549428 0.0027292779963755676 0.000034537181526433924
56 4.644154099595522 0.001999699766581431 0.000024792005576090848
57 3.9468607424663285 0.0014668135106168656 0.000017804830936163363
58 3.3542665578877355 0.0010751815346441984 0.000012792332270528117
59 2.8506515244411705 0.0007891153736806489 0.000009194626236080916
60 2.4226532211947895 0.0005786851324665332 0.0000066111233455457
61 2.0589183934991677 0.0004249737770693207 0.0000047551241343923856
62 1.7497965557444157 0.0003117901860926475 0.000003421212344256741
63 1.4870881299382073 0.00022911612240411605 0.0000024621889036513522
64 1.2638233685746432 0.0001681744638273308 0.000001772471341643378
65 1.074080303660731 0.00012366339923680636 0.0000012762671799115832
66 0.9128252191385817 0.00009081413048925291 9.191893715065902e-7
67 0.7757810685341553 0.0000668245057741379 6.621400618356255e-7
68 0.6593123538849268 0.000049097614994580985 4.770619322636005e-7
69 0.560330023591031 0.00003615448429908352 3.4378233840226535e-7
70 0.47620839385872105 0.000026576794514954205 2.477874577744288e-7
71 0.40471641420736776 0.0000195856762142399 1.786157490246687e-7
72 0.3439577094590589 0.000014404663526063066 1.2877114224929542e-7
73 0.2923209048255125 0.000010624098878003752 9.285072613551826e-8
74 0.24843635184787655 0.000007817707838003729 6.695598314676587e-8
75 0.2111402284154782 0.00000577086549091721 4.829503510994648e-8
76 0.17944330498092903 0.000004248653501848221 3.4834725409771394e-8
77 0.15250500137973988 0.0000031391612948517 2.5128128272600136e-8
78 0.12961084107121545 0.0000023124428377707673 1.8126057960143882e-8
79 0.11015370407737751 0.0000017101860337598307 1.3077505495173725e-8
80 0.0936175531358025 0.00000126036704303778 9.437032433279313e-9
81 0.0795638852495042 9.330272222052294e-7 0
82 0.06761998501259717 6.880589368818413e-7 0
83 0.057469134364762614 5.098789486734923e-7 0
84 0.04884213285343578 3.761848912098298e-7 0
85 0.04151022303351501 2.790851771627967e-7 0
86 0.03527896904829389 2.0606365258579729e-7 0
87 0.029983143717108862 1.5305387879305243e-7 0
88 0.025482310718079937 1.1305608588196847e-7 0
89 0.02165712969795472 8.405710544279188e-8 0
90 0.01840616626167743 6.21122687172182e-8 0
91 0.015643222341199886 4.632323391540183e-8 0
92 0.013295033372857007 3.4241211005481276e-8 0
93 0.01129933983503048 2.5528398034380118e-8 0
94 0.009603223659220755 1.8879315583086864e-8 0
95 0.008161714773524537 1.4107497170456895e-8 0
96 0.006936591324127578 1.0435909109096642e-8 0
97 0.005895371909551361 7.800637052968185e-9 0
98 0.005010448652546073 0 0
99 0.004258360316896276 0 0
100 0.0036191660878975573 0 0
101 0.0030759197269362992 0 0
102 0.0026142176593916544 0 0
103 0.002221820031728494 0 0
104 0.0018883230010799668 0 0
105 0.0016048855573777832 0 0
106 0.0013639928305151927 0 0
107 0.0011592591067944025 0 0
108 0.0009852563013282856 0 0
109 0.0008373715953083893 0 0
110 0.0007116844302757497 0 0
111 0.0006048630090317308 0 0
112 0.0005140754567665717 0 0
113 0.000436915158620349 0 0
114 0.0003713364310299616 0 0
115 0.00031560090540388996 0 0
116 0.0002682311940286064 0 0
117 0.00022797160092996593 0 0
118 0.00019375469245905275 0 0
119 0.0001646735432753177 0 0
120 0.0001399574769020695 0 0
121 0.00011895107583928533 0 0
122 0.00010109755406453869 0 0
123 0.00008592389203262996 0 0
124 0.00007302759519242641 0 0
125 0.00006206688560789209 0 0
126 0.000052751314652765835 0 0
127 0.000044834011833833065 0 0
128 0.000038104861024818026 0 0
129 0.00003238586114467923 0 0
130 0.000027525213127099768 0 0
131 0.00002339398194461939 0 0
132 0.000019882911963892136 0 0
133 0.000016898759475553193 0 0
134 0.00001436245204392006 0 0
135 0.000012206841693257475 0 0
136 0.000010374827235065665 0 0
137 0.000008817748113787438 0 0
138 0.000007494398261503887 0 0
139 0.000006369575729803234 0 0
140 0.00000541360834391269 0 0
141 0.000004601115449920368 0 0
142 0.000003910568403514558 0 0
143 0.0000033236163533290064 0 0
144 0.000002824811403651095 0 0
145 0.0000024009060244079006 0 0
146 0.0000020405651094956845 0 0
147 0.0000017343772751310382 0 0
148 0.0000014741293596076677 0 0
149 0.0000012529052222653991 0 0
150 0.0000010648254530620793 0 0
151 9.050539525046197e-7 0 0
152 7.691900490991443e-7 0 0
153 6.537808668605205e-7 0 0
154 5.556937244799443e-7 0 0
155 4.722696525238934e-7 0 0
156 4.0141947815763857e-7 0 0
157 3.411516955875715e-7 0 0
158 2.89946993498047e-7 0 0
159 2.464100743448938e-7 0 0
160 2.094919410167151e-7 0 0
161 1.7804074034510897e-7 0 0
162 1.5130578825961472e-7 0 0
163 1.2860767653610772e-7 0 0
164 1.0927932608817414e-7 0 0
165 9.290764751979097e-8 0 0
166 7.894416348408484e-8 0 0
167 6.707745589529246e-8 0 0
168 5.703559213809939e-8 0 0
169 4.8483428910506277e-8 0 0
170 4.121051530581177e-8 0 0
171 3.504770518247824e-8 0 0
172 2.9768760512194348e-8 0 0
173 2.5300885664325534e-8 0 0
174 2.150800290645627e-8 0 0
175 1.8277088370544092e-8 0 0
176 1.5536866210252853e-8 0 0
177 1.3197190729119512e-8 0 0
178 1.1236206270970328e-8 0 0
179 9.572826475956475e-9 0 0