1 94279.37299172912 139584.27469604948 220453.3170763855
2 72212.7544618973 108538.96850875909 122865.53633734376
3 57653.74095825996 74353.3672357415 64022.03446876459
4 46602.49540044778 50054.6771425795 33115.8279569622
5 37777.083430178 33809.20384479332 17406.219887252388
6 30737.80625771586 22946.361245054355 9345.732946824926
7 25049.7632197688 15641.608515670125 5132.828747598049
8 20463.939933217385 10701.63125271015 2885.5044356617486
9 16738.107403605678 7346.550271147671 1661.2276783452169
10 13715.18677084622 5058.304485147343 979.4837348804746
11 11250.445431371716 3492.5639865221488 591.2329828783963
12 9242.043531152249 2417.4434288377925 364.99920710275103
13 7599.320508088408 1677.2855508701061 230.13380164645235
14 6256.350509854881 1166.165958111167 147.91493991483011
15 5155.0181817003895 812.5066527973099 96.71872762907448
16 4252.116021841583 567.1167322276451 64.19966281134693
17 3510.0533221379624 396.5772299941095 43.17007941242257
18 2900.2266269366587 277.75978757057743 29.350287138919413
19 2398.0271113593003 194.86461432964276 20.140740305372105
20 1984.4741300747924 136.90371538626417 13.928521135119585
21 1643.2978983287585 96.3268372674832 9.695061605997873
22 1361.8164731367344 67.8636212290765 6.784742223089789
23 1129.2293236973453 47.87629687795242 4.769437043956677
24 937.0162749863994 33.81502449301935 3.365307785147239
25 777.953237900117 23.914241073564405 2.382016698115097
26 646.3054096488812 16.929674460536976 1.6904593626816706
27 537.2145152466883 11.999778279676615 1.2023471604256357
28 446.79891903211995 8.51323055108235 0.8567810421035953
29 371.78312945874325 6.0468003936157215 0.6115130580146793
30 309.5301586523802 4.298405412919806 0.4370543112387899
31 257.8191272722759 3.058987598746378 0.3127355804599966
32 214.8561857860626 2.178571201045563 0.22400622583724372
33 179.13000194551663 1.5531922305006916 0.16059318937072384
34 149.41460508085152 1.1080942142964942 0.11522002831576261
35 124.67991539960562 0.7913445472740672 0.08272219163466413
36 104.08578276387674 0.5654966662921337 0.05942553915908669
37 86.92688384063574 0.4044961645786512 0.04271217970284208
38 72.62692994731039 0.28949822199545017 0.030713632725179213
39 60.701684629586424 0.20739345801063425 0.022094780452364043
40 50.75426968375013 0.14864730942928944 0.015900374151440994
41 42.451884580276214 0.10664430799482211 0.011446366543776704
42 35.52064063684394 0.07654177530914216 0.008242435655157643
43 29.730925117837263 0.05498959502387657 0.005936882528189441
44 24.89359247356619 0.03951984376090828 0.0042772508565733225
45 20.849902205839346 0.028429584726148788 0.0030822268422626975
46 17.46878028911941 0.020457879642267834 0.0022215138338941287
47 14.640398420224425 0.014735511869970658 0.0016014387090828863
48 12.273774449647224 0.010616709984783146 0.0011546260942094655
49 10.29266721643093 0.007656437401476784 0.0008325993378479057
50 8.633889024009267 0.005522896161358232 0.0006004664250171543
51 7.244430098450496 0.003987690293096813 0.0004331062439440758
52 6.080273789137517 0.0028797833554127517 0.0003124271378416865
53 5.104540690955044 0.0020817338770963145 0.00022539672253849008
54 4.286527580345596 0.0015050379456955087 0.00016262499465904967
55 3.6005027316380462 0.0010892125424070698 0.00011734501409060849
56 3.0250396313379704 0.0007883344814150761 0.00008467919399623991
57 2.542161369171828 0.000571172509194251 0.00006111117927265486
58 2.13687579886932 0.0004138419957499251 0.000044105638658586965
59 1.7966175842639105 0.0003001754457959416 0.000031834280951992255
60 1.5108850767688677 0.00021772688761059755 0.00002297848378618461
61 1.270873244877754 0.000158100131166794 0.000016587126260653173
62 1.0692229955502943 0.00011479823457058447 0.000011974082184146306
63 0.8997577215155156 0.00008345164632675428 0.000008644391608997326
64 0.7573085157749779 0.00006066009663061034 0.000006240861401662912
65 0.6375407524405918 0.00004414531311866532 0.000004505806132010237
66 0.5368205071824614 0.00003212311385314415 0.0000032532523853434636
67 0.4520990789698233 0.000023403857450282617 0.000002348966262416541
68 0.3808207909061749 0.00001704855189083032 0.0000016960947654687253
69 0.3208394761441466 0.0000124351264731426 0.0000012247229570494511
70 0.27035409348995265 0.000009068234477910275 8.843779104872329e-7
71 0.22785327203963754 0.000006621921617266935 6.386302963123924e-7
72 0.19206678473083572 0.0000048343155935881565 4.611812347843358e-7
73 0.16192822029031262 0.0000035342607482280464 3.330473471729878e-7
74 0.13654143707277336 0.0000025831060714576193 2.405180152265096e-7
75 0.11515342251583871 0.0000018906975575438967 1.7369994889659957e-7
76 0.09713081081136846 0.0000013834469290707752 1.2544672367553744e-7
77 0.08194171406866418 0.0000010138388790437158 9.059931790900144e-8
78 0.06913819102465377 7.427172350193967e-7 6.543427086280751e-8
79 0.058343899668411 5.449569519810904e-7 4.725873598010466e-8
80 0.04924194745410565 3.996949456408494e-7 3.413239352267894e-8
81 0.041565881983677555 2.936463907865505e-7 2.4652707653061157e-8
82 0.035091163302992084 2.1563642252364623e-7 1.780608974155662e-8
83 0.029629086988282455 1.5862381833042782e-7 1.2861294779176191e-8
84 0.02502046113374931 1.1663335586220569e-7 9.289599589568098e-9
85 0.021131441338671064 8.590549591125374e-8 0
86 0.01784913613714803 6.324153054015902e-8 0
87 0.015078561242923366 4.6648054252695914e-8 0
88 0.012739546946464259 3.438849971448832e-8 0
89 0.010764669038012653 2.53983194475893e-8 0
90 0.009096967449798099 1.874859797967865e-8 0
91 0.007688517786193533 1.3862916370399603e-8 0
92 0.006498840722845428 1.0246404391622832e-8 0
93 0.005493856437413042 7.589429057430763e-9 0
94 0.0046447623033037955 0 0
95 0.003927317948977077 0 0
96 0.003321020618630266 0 0
97 0.002808608392417866 0 0
98 0.002375483557962327 0 0
99 0.0020093488142115257 0 0
100 0.0016997994103289393 0 0
101 0.0014380729941823878 0 0
102 0.0012167507671591582 0 0
103 0.001029582744266594 0 0
104 0.0008712781610797637 0 0
105 0.0007373775058480136 0 0
106 0.0006241040380103313 0 0
107 0.0005282751802496433 0 0
108 0.00044719412675636727 0 0
109 0.00037858758645423207 0 0
110 0.00032052949914102014 0 0
111 0.0002713955685127445 0 0
112 0.00022980908101444264 0 0
113 0.00019460929636538893 0 0
114 0.000164811864009351 0 0
115 0.0001395866030212134 0 0
116 0.00011822964599264574 0 0
117 0.00010014709464900573 0 0
118 0.00008483521632465796 0 0
119 0.00007186912966225534 0 0
120 0.00006088822146269046 0 0
121 0.00005158829142562493 0 0
122 0.00004371121830787361 0 0
123 0.00003703912670396936 0 0
124 0.0000313871129649923 0 0
125 0.000026599065229948593 0 0
126 0.000022542579002221563 0 0
127 0.00001910578035874133 0 0
128 0.000016193715338230774 0 0
129 0.000013726231092303642 0 0
130 0.00001163525802208576 0 0
131 0.00000986331881325242 0 0
132 0.000008361591472411112 0 0
133 0.000007088855749015632 0 0
134 0.000006010091400499018 0 0
135 0.0000050957291383157965 0 0
136 0.000004320657729123267 0 0
137 0.0000036636438318637943 0 0
138 0.0000031066502479693003 0 0
139 0.000002634447285959629 0 0
140 0.0000022341156034610954 0 0
141 0.0000018946713833123408 0 0
142 0.000001606866222636505 0 0
143 0.0000013628472391447044 0 0
144 0.0000011559126926463659 0 0
145 9.804350320219424e-7 0 0
146 8.31634520442881e-7 0 0
147 7.054382422932992e-7 0 0
148 5.984172098960627e-7 0 0
149 5.076422582017681e-7 0 0
150 4.306494433836683e-7 0 0
151 3.653438220008187e-7 0 0
152 3.099558607833064e-7 0 0
153 2.629714864477162e-7 0 0
154 2.2311552855258654e-7 0 0
155 1.8930696521479717e-7 0 0
156 1.606268483778095e-7 0 0
157 1.3629554102001507e-7 0 0
158 1.156501526489162e-7 0 0
159 9.813677323555758e-8 0 0
160 8.327545428232774e-8 0 0
161 7.067371288194124e-8 0 0
162 5.997121119150073e-8 0 0
163 5.0896697245672584e-8 0 0
164 4.3191082682580983e-8 0 0
165 3.6654240476163835e-8 0 0
166 3.1109116838123896e-8 0 0
167 2.6404788550093983e-8 0 0
168 2.241042096340351e-8 0 0
169 1.9025570507924527e-8 0 0
170 1.614663461269039e-8 0 0
171 1.3705421547660634e-8 0 0
172 1.1631985652460486e-8 0 0
173 9.873660306025656e-9 0 0